101011110110110111000000110001011110101
1011101101000000111001100100110110
1000001111110000000010111100101001
10001110111100111100001001010
110001010111100011100111000011000
111110110110110111110100011000
1000011111101100011111010001010100000
1111111100111111110110110011110100011
1110111010111110001100000001000000
110110010010111101000011110100
1100011101100100010111101001010
1100011110101010101110101101111
110001100000011010110110001001110
1110000010001000110100101001010
1001101010101001011
110001010010001001000101011111101011
10011111101100000101010111110011101101111100
101100110111100101001001110111001
1000001110101011001111010100
10100010111100010000
1001000001010001110001111100100111110
11110000011001101000011101011100111011
100100000001111110010110100011101
101101100001110000100001000101100001101001010110
10101011000000010100101010001000111101
100010101111
101100011111100110101011
1000101000110001100010100110001010
100101101000011001101011111010011
110001010100101100101
1000010011010111010110
10000011100111101100
101011001111001101000
